84f9f68ef003a21288fffe8f9a09a5a29b05f4cc4229b8337d1e3c28b6d07923	rpc	4ab265f54516248ee8873be7d6441912456ce17e84f39918e01ddc4210e56da5
660d45ae66d56b6c65092a0d0878b3dd8830baba912e033d78b8ad53dff57f8c	mc	4ab265f54516248ee8873be7d6441912456ce17e84f39918e01ddc4210e56da5
75e56c8fbb9336eb4dd40f5f609d5344203d374d73fd0b8d2bce19f754070f6a	rpc	e6c95bef37d936ebb375bf135ded88c96eb9257a1d3d9de38a1dbd2751b0fbce
84f9f68ef003a21288fffe8f9a09a5a29b05f4cc4229b8337d1e3c28b6d07923	rpc	75e56c8fbb9336eb4dd40f5f609d5344203d374d73fd0b8d2bce19f754070f6a
0b0c981da8042a436f30f7d9f7cce74360abe630bd54785016816e10f4d22525	mc	20119b0b7869f98acb0f0f7557893474a7b84c34e50ec6dcc6d3afb953758f12
091794afdcf1abbaf62404337ff72a38df96c5d8af8bd0d1348b331e84ac89e5	rpc	4ab265f54516248ee8873be7d6441912456ce17e84f39918e01ddc4210e56da5
20119b0b7869f98acb0f0f7557893474a7b84c34e50ec6dcc6d3afb953758f12	rpc	20119b0b7869f98acb0f0f7557893474a7b84c34e50ec6dcc6d3afb953758f12
e6c95bef37d936ebb375bf135ded88c96eb9257a1d3d9de38a1dbd2751b0fbce	rpc	4ab265f54516248ee8873be7d6441912456ce17e84f39918e01ddc4210e56da5
22a5775b0aaa3121d509bad4d9fbafeff751737cec6d66cead39c9bfac5c4949	mc	4ab265f54516248ee8873be7d6441912456ce17e84f39918e01ddc4210e56da5
fdff95246ea3376bca21c70c15479f66ec6fbd3ae778f41fedc0bebe22afd137	mc	4ab265f54516248ee8873be7d6441912456ce17e84f39918e01ddc4210e56da5
2abd05990aa9eb81a3eaa333829ec355eaee57fbecc9e8d2e000dde5f4972378	rpc	20119b0b7869f98acb0f0f7557893474a7b84c34e50ec6dcc6d3afb953758f12
4ab265f54516248ee8873be7d6441912456ce17e84f39918e01ddc4210e56da5	rpc	20119b0b7869f98acb0f0f7557893474a7b84c34e50ec6dcc6d3afb953758f12
e0c38088a818a1f206daae6cdd8df07dae8afaf5f8b0092f62081572b24d42df	mc	4ab265f54516248ee8873be7d6441912456ce17e84f39918e01ddc4210e56da5
4a53eafc31ccf154081bf1518584e3840b83faaba36e7b95f8966fb3f227b5d7	mc	20119b0b7869f98acb0f0f7557893474a7b84c34e50ec6dcc6d3afb953758f12
20119b0b7869f98acb0f0f7557893474a7b84c34e50ec6dcc6d3afb953758f12	userDefined	20119b0b7869f98acb0f0f7557893474a7b84c34e50ec6dcc6d3afb953758f12
