224d98e9ae91b0f97f45bf252c635d46bcf415ddfb9285f1b9ed1049d8c765cf	rpc	6545e5559493a18497075bb949b955abf8642a62d20287e280732e9c5956095e
3806552fc7714b9f47836203ecc9fa9464858a7a605d5e3579939b396d8f2c0e	rpc	224d98e9ae91b0f97f45bf252c635d46bcf415ddfb9285f1b9ed1049d8c765cf
d7efc026fb52a634dd173374dd2024e06ee5a5b4dfe8300f02a554f3f1dd597d	rpc	224d98e9ae91b0f97f45bf252c635d46bcf415ddfb9285f1b9ed1049d8c765cf
c2b8e526bf09520b26d0982daa6954712e829d3c6cfe180612abfd254f404a1f	rpc	9c2e1e0e2e9a71881cbbf95fab38cc978feee0ba1e7feda5d75847b0896ba187
4a090a27360ca0de03ebca3a12f3242322cd313e02339127b252d3f5bad058eb	db	c2b8e526bf09520b26d0982daa6954712e829d3c6cfe180612abfd254f404a1f
9cc1113009ea0ec1a4cf99fa6984bd49be8dd026be42921fc6897e5bf121efad	mc	6545e5559493a18497075bb949b955abf8642a62d20287e280732e9c5956095e
f6dd51041f831fc49baeacf593ee8789259062f39dd5a8c81d1a318244168732	mc	c2b8e526bf09520b26d0982daa6954712e829d3c6cfe180612abfd254f404a1f
39b9ccdd2ca5f8701dac1e969566e3f5ca1a5d01799d80afc661e0b3103498e0	db	b42838a52e795b642e662b7861fcea24cbcf4ec22de8d6a7dfedad9c95366ff3
9c2e1e0e2e9a71881cbbf95fab38cc978feee0ba1e7feda5d75847b0896ba187	rpc	6545e5559493a18497075bb949b955abf8642a62d20287e280732e9c5956095e
a20d01ae3c30317200c208cf7a194224851e5ed33c117efb7b298a0acb3bac45	rpc	74c45b539907879ae4b74c24152404ec2bd65b9ffb0342cadfe9aff57309aa28
22fa7dbf2ea1177877261a74131f12850e34ebb1b146dfd822cb48bf69aabff9	mc	6545e5559493a18497075bb949b955abf8642a62d20287e280732e9c5956095e
84f9f68ef003a21288fffe8f9a09a5a29b05f4cc4229b8337d1e3c28b6d07923	rpc	75e56c8fbb9336eb4dd40f5f609d5344203d374d73fd0b8d2bce19f754070f6a
df8e9873a8e78bebbdf2ff71c6a092cc664bb6f3c3a8738314e9779859c0ede8	rpc	b42838a52e795b642e662b7861fcea24cbcf4ec22de8d6a7dfedad9c95366ff3
f4345069caa98d04cbbb9dbffcf4fe3a3c79b5338dcbbca1ec976e2f3592d44e	db	df8e9873a8e78bebbdf2ff71c6a092cc664bb6f3c3a8738314e9779859c0ede8
91bc0acb4d5402ffc0adfd405e85213f34e85759d2093fd0ba046d82bdfc2728	mc	3806552fc7714b9f47836203ecc9fa9464858a7a605d5e3579939b396d8f2c0e
0b0c981da8042a436f30f7d9f7cce74360abe630bd54785016816e10f4d22525	mc	6545e5559493a18497075bb949b955abf8642a62d20287e280732e9c5956095e
01d660afcfadafd587e20ec4c04ddbc7eb0de95643ba0eec5fc1aeb15e341a85	mc	4ab265f54516248ee8873be7d6441912456ce17e84f39918e01ddc4210e56da5
d96f9287c40cd887a6df51d51986ff884863e891e28b23116adb935e0eaf50a6	mc	530a42c55ed7f9999e26fb2b97a2c53d593cda13c20965e6f43b37167c6c7715
74c45b539907879ae4b74c24152404ec2bd65b9ffb0342cadfe9aff57309aa28	rpc	6545e5559493a18497075bb949b955abf8642a62d20287e280732e9c5956095e
4ab265f54516248ee8873be7d6441912456ce17e84f39918e01ddc4210e56da5	rpc	20119b0b7869f98acb0f0f7557893474a7b84c34e50ec6dcc6d3afb953758f12
091794afdcf1abbaf62404337ff72a38df96c5d8af8bd0d1348b331e84ac89e5	rpc	4ab265f54516248ee8873be7d6441912456ce17e84f39918e01ddc4210e56da5
80d51cc4922480291a327a7b26803d55518965c8d0692cd378c8f98c0435e05e	rpc	6545e5559493a18497075bb949b955abf8642a62d20287e280732e9c5956095e
85fb296baeb19fc32c446b044b788186f25c6158f8f4cb1a29547143d69f2089	rpc	6545e5559493a18497075bb949b955abf8642a62d20287e280732e9c5956095e
0e91528abbbecdf4c50b717cdafa24baa740af2656b6075b46e846419c01613d	mc	85fb296baeb19fc32c446b044b788186f25c6158f8f4cb1a29547143d69f2089
11635b38f7f7230d1a98e10fbd2def49d79433e53b9e59dab3a4c3ae4dbf8060	db	c2b8e526bf09520b26d0982daa6954712e829d3c6cfe180612abfd254f404a1f
756924d406545c0fd5ffe083e90a3b334c13986013c44d7fc935cd51024ca615	mc	c2b8e526bf09520b26d0982daa6954712e829d3c6cfe180612abfd254f404a1f
6746853e39c5008988baf677bf27c846ee99173cafdec2aa8c949843d3a94b95	mc	6545e5559493a18497075bb949b955abf8642a62d20287e280732e9c5956095e
10e398d4da74063c83943943708db0444207f3cfe526ed0594ba9c2ddb49f475	mc	224d98e9ae91b0f97f45bf252c635d46bcf415ddfb9285f1b9ed1049d8c765cf
20119b0b7869f98acb0f0f7557893474a7b84c34e50ec6dcc6d3afb953758f12	rpc	f47283029e4108ef18a4d440a72f1433f66ed9dbe3b255955d37bebd7232b00f
530a42c55ed7f9999e26fb2b97a2c53d593cda13c20965e6f43b37167c6c7715	rpc	fe066db576a9b333264513cb00a2690e2e4325834c0a1bf07259ef7a4ced6bcc
f5883b7aced6d7fffd274fc1c77011ca1a453f3d5822d0b00696273dcb5305d8	db	3806552fc7714b9f47836203ecc9fa9464858a7a605d5e3579939b396d8f2c0e
75e56c8fbb9336eb4dd40f5f609d5344203d374d73fd0b8d2bce19f754070f6a	rpc	e6c95bef37d936ebb375bf135ded88c96eb9257a1d3d9de38a1dbd2751b0fbce
b42838a52e795b642e662b7861fcea24cbcf4ec22de8d6a7dfedad9c95366ff3	rpc	6545e5559493a18497075bb949b955abf8642a62d20287e280732e9c5956095e
ee1ae755c3ed9a51ae28be537123e76085ce37b83f5c0b7ee0b8ca4ced067721	mc	3806552fc7714b9f47836203ecc9fa9464858a7a605d5e3579939b396d8f2c0e
fcdd9b8d2672c7afabef1eb5753c06a791e599f696627bd79bb3ff080797e005	db	c2b8e526bf09520b26d0982daa6954712e829d3c6cfe180612abfd254f404a1f
fe066db576a9b333264513cb00a2690e2e4325834c0a1bf07259ef7a4ced6bcc	rpc	6545e5559493a18497075bb949b955abf8642a62d20287e280732e9c5956095e
e6c95bef37d936ebb375bf135ded88c96eb9257a1d3d9de38a1dbd2751b0fbce	rpc	4ab265f54516248ee8873be7d6441912456ce17e84f39918e01ddc4210e56da5
e7987964f53ed556a18716264f61e556f24eae462560e95db3bc30ef11c36823	mc	6545e5559493a18497075bb949b955abf8642a62d20287e280732e9c5956095e
aa0e48ad29b27d38951fb89902a12ae3cf8def135c795c2c4f6b0724c1f0f87a	mc	6545e5559493a18497075bb949b955abf8642a62d20287e280732e9c5956095e
463d5a9c265fe101607a0cdf1e7e328409bbe093598c1fbb8cb6af1fc5997c29	rpc	6545e5559493a18497075bb949b955abf8642a62d20287e280732e9c5956095e
7342125fbf7419f3c10c226acf309471c3b4eda89eec13eb62b9b43406d7f546	mc	6545e5559493a18497075bb949b955abf8642a62d20287e280732e9c5956095e
b250f72d85f6b6094b4ad82c8ce510e6b4235cb16deb7813d054501797ffc5ef	rpc	b42838a52e795b642e662b7861fcea24cbcf4ec22de8d6a7dfedad9c95366ff3
9e734cdc8d59d1be3125ce1ad35dd3e27c2ab9cd32e6ac5a69b01c1d141a35dc	rpc	3806552fc7714b9f47836203ecc9fa9464858a7a605d5e3579939b396d8f2c0e
6545e5559493a18497075bb949b955abf8642a62d20287e280732e9c5956095e	rpc	6545e5559493a18497075bb949b955abf8642a62d20287e280732e9c5956095e
4ab265f54516248ee8873be7d6441912456ce17e84f39918e01ddc4210e56da5	userDefined	4ab265f54516248ee8873be7d6441912456ce17e84f39918e01ddc4210e56da5
091794afdcf1abbaf62404337ff72a38df96c5d8af8bd0d1348b331e84ac89e5	http	4ab265f54516248ee8873be7d6441912456ce17e84f39918e01ddc4210e56da5
