2a34df502310752a68438508761137f56b1c9302acee0c984d67f749200c2bf1	mc	b58ba81e712e15281eb93074ed026a844f5100024d91b25f2742b5d5e8bedd9f
9ffca37e87db8609aa54ef630a4dd204f02581731d323f5a6ae71855b636e2a2	rpc	b58ba81e712e15281eb93074ed026a844f5100024d91b25f2742b5d5e8bedd9f
b161286fc0b30703ec870b5ec584ff8da014e4345b8134131e7dc2d0eafcee2e	mc	9ffca37e87db8609aa54ef630a4dd204f02581731d323f5a6ae71855b636e2a2
f9014fe2e1ad08400d71587fd3d9d8d3e19846d8b7e74ed05e237dcc3ac3489c	rpc	b58ba81e712e15281eb93074ed026a844f5100024d91b25f2742b5d5e8bedd9f
53944e9fc1173f3269fe4a7bf1244e294f6ef0d15e6a71d667f55126928ef200	mc	f9014fe2e1ad08400d71587fd3d9d8d3e19846d8b7e74ed05e237dcc3ac3489c
dcd6beb031d8eeb1aa09d7ae2b1e6a69cba6845eab4cb341dc0b7916af4e613e	mc	b58ba81e712e15281eb93074ed026a844f5100024d91b25f2742b5d5e8bedd9f
996fa80cb12fd2370df660953b3a46231cc31b8706e70be90de49447d8b86ac8	mc	b58ba81e712e15281eb93074ed026a844f5100024d91b25f2742b5d5e8bedd9f
5ba2be786dc249dc3b3cda596a4d121f55a1dcb75b399d293ec2187a3f0632f6	rpc	b58ba81e712e15281eb93074ed026a844f5100024d91b25f2742b5d5e8bedd9f
c964e78e1ee643babee3c48807207a39596bdc816e5ceb5c766c408648887747	mc	b58ba81e712e15281eb93074ed026a844f5100024d91b25f2742b5d5e8bedd9f
0b0c981da8042a436f30f7d9f7cce74360abe630bd54785016816e10f4d22525	mc	b58ba81e712e15281eb93074ed026a844f5100024d91b25f2742b5d5e8bedd9f
405aee00c5e425bf82319434855a139a116c7e4dae122af5807be2a73d4a4337	mc	f9014fe2e1ad08400d71587fd3d9d8d3e19846d8b7e74ed05e237dcc3ac3489c
46a6d5047ff9337b34dbdf42c07843d60367ece052e92e004c7dbc3348b3bc75	mc	b58ba81e712e15281eb93074ed026a844f5100024d91b25f2742b5d5e8bedd9f
01d660afcfadafd587e20ec4c04ddbc7eb0de95643ba0eec5fc1aeb15e341a85	mc	b58ba81e712e15281eb93074ed026a844f5100024d91b25f2742b5d5e8bedd9f
1be2f367658cec81dbe003c33903988511189f699ae3b6299c780ac91c127d93	mc	b58ba81e712e15281eb93074ed026a844f5100024d91b25f2742b5d5e8bedd9f
ab349b930756ee2ec25c9a4ac09c30e075fb5978c83fe0607f2cec41b1d5042c	mc	c1578904aa2808f29768e2edb2413cacffeae6069f6cb71471b8160a311b5a11
b58ba81e712e15281eb93074ed026a844f5100024d91b25f2742b5d5e8bedd9f	rpc	b58ba81e712e15281eb93074ed026a844f5100024d91b25f2742b5d5e8bedd9f
48786da22f82c437ddc1ce50e34418542feb6906acef278309c837c391a98c41	mc	b58ba81e712e15281eb93074ed026a844f5100024d91b25f2742b5d5e8bedd9f
676ca482c56de84046ce1d0076abd6cdb0f25778d036dbbb764581671a685180	mc	b58ba81e712e15281eb93074ed026a844f5100024d91b25f2742b5d5e8bedd9f
c1578904aa2808f29768e2edb2413cacffeae6069f6cb71471b8160a311b5a11	rpc	f9014fe2e1ad08400d71587fd3d9d8d3e19846d8b7e74ed05e237dcc3ac3489c
