0b0c981da8042a436f30f7d9f7cce74360abe630bd54785016816e10f4d22525	mc_out	20119b0b7869f98acb0f0f7557893474a7b84c34e50ec6dcc6d3afb953758f12
676ca482c56de84046ce1d0076abd6cdb0f25778d036dbbb764581671a685180	mc_out	4ab265f54516248ee8873be7d6441912456ce17e84f39918e01ddc4210e56da5
fdff95246ea3376bca21c70c15479f66ec6fbd3ae778f41fedc0bebe22afd137	mc_out	4ab265f54516248ee8873be7d6441912456ce17e84f39918e01ddc4210e56da5
4ab265f54516248ee8873be7d6441912456ce17e84f39918e01ddc4210e56da5	rpc_in	20119b0b7869f98acb0f0f7557893474a7b84c34e50ec6dcc6d3afb953758f12
46a6d5047ff9337b34dbdf42c07843d60367ece052e92e004c7dbc3348b3bc75	mc_out	4ab265f54516248ee8873be7d6441912456ce17e84f39918e01ddc4210e56da5
de6d543c40695b95f303d7134b72e73fffec5e582f919e30afd3bedd277b2416	mc_out	4ab265f54516248ee8873be7d6441912456ce17e84f39918e01ddc4210e56da5
a34296b78c6ba5d83767d6edbc2eeb0e03c8b73c8beacb7d680ab9605c70a3c3	mc_out	4ab265f54516248ee8873be7d6441912456ce17e84f39918e01ddc4210e56da5
84f9f68ef003a21288fffe8f9a09a5a29b05f4cc4229b8337d1e3c28b6d07923	rpc_in	4ab265f54516248ee8873be7d6441912456ce17e84f39918e01ddc4210e56da5
20119b0b7869f98acb0f0f7557893474a7b84c34e50ec6dcc6d3afb953758f12	rpc_in	20119b0b7869f98acb0f0f7557893474a7b84c34e50ec6dcc6d3afb953758f12
01d660afcfadafd587e20ec4c04ddbc7eb0de95643ba0eec5fc1aeb15e341a85	mc_out	4ab265f54516248ee8873be7d6441912456ce17e84f39918e01ddc4210e56da5
b1dbd3a649a3cc790fa12573c9c1aa00988e07a8818a2214208b9697238c1b11	mc_out	5cca70246befb1f4c9546d2912b9419dee54439218efa55a7a2e0e26e86ad749
5cca70246befb1f4c9546d2912b9419dee54439218efa55a7a2e0e26e86ad749	rpc_out	4ab265f54516248ee8873be7d6441912456ce17e84f39918e01ddc4210e56da5
5cca70246befb1f4c9546d2912b9419dee54439218efa55a7a2e0e26e86ad749	userDefined_out	5cca70246befb1f4c9546d2912b9419dee54439218efa55a7a2e0e26e86ad749
5ba3bdb50209a9d79eb355d981c4779dc9daed971d68ba05cca494115349e21b	mc_out	4ab265f54516248ee8873be7d6441912456ce17e84f39918e01ddc4210e56da5
2abd05990aa9eb81a3eaa333829ec355eaee57fbecc9e8d2e000dde5f4972378	rpc_out	20119b0b7869f98acb0f0f7557893474a7b84c34e50ec6dcc6d3afb953758f12
872cd42c399d28c088396ca4ee393790398b1e04f70e0242b9dc9ce998f2ede7	mc_out	4ab265f54516248ee8873be7d6441912456ce17e84f39918e01ddc4210e56da5
7497da8ff4d351636204f6873e8e70464ae79ce1313af9fbc1817815e0b83bc6	mc_out	4ab265f54516248ee8873be7d6441912456ce17e84f39918e01ddc4210e56da5
d3a0dbd99cef0ff255b05ad66d6c56af5ed7b6b507baafa096b22e8b0e8eed08	mc_out	4ab265f54516248ee8873be7d6441912456ce17e84f39918e01ddc4210e56da5
091794afdcf1abbaf62404337ff72a38df96c5d8af8bd0d1348b331e84ac89e5	http_out	4ab265f54516248ee8873be7d6441912456ce17e84f39918e01ddc4210e56da5
2abd05990aa9eb81a3eaa333829ec355eaee57fbecc9e8d2e000dde5f4972378	rpc_in	20119b0b7869f98acb0f0f7557893474a7b84c34e50ec6dcc6d3afb953758f12
